100
798015 388439 544 9979
714316 277394 531 9919
607941 911793 876 7268
547344 152018 457 9912
526891 853715 24 9958
256258 406333 783 9996
31682 259833 937 4335
490627 295265 549 9937
623582 0 905 1
94729 589499 602 2421
625538 148804 184 5799
47318 778012 412 9948
871091 338717 139 9952
185185 466282 341 9951
399819 913624 434 9903
680732 851430 13 9990
135740 328293 248 674
0 0 10 5
850453 217482 482 9952
431754 291991 211 9912
417525 540017 715 9936
800662 218621 447 9976
271096 16720 582 6883
481783 293953 805 1055
948402 368885 355 3904
23105 838874 74 5841
388392 32786 57 730
71552 848088 236 9967
0 0 100 199
41464 457769 483 997
615829 75859 284 9961
930966 807367 234 9976
393064 815478 170 9932
347162 958136 238 9926
935337 870762 966 5425
916148 474844 218 7377
133582 557368 152 6754
171315 10877 343 173
846736 337758 971 9957
0 0 285 1
771745 955286 812 9998
32829 479832 877 4499
124092 872643 86 5068
0 719969 774 1
744171 471202 105 8332
870320 843993 893 9994
400770 243517 312 9966
817324 368839 910 2674
77252 556096 562 4706
494866 293353 34 7335
965518 188443 922 9927
18585 283628 77 7532
754496 681578 627 913
555467 529188 456 9944
299094 138206 327 2984
897951 831404 792 9951
57197 386527 739 7863
761937 173126 101 7233
94380 228859 44 9942
390611 238796 395 9910
197570 494126 208 1144
897413 491060 791 9929
625130 424842 119 1169
697919 497583 717 586
531668 500010 305 9905
200794 168492 430 9996
335066 2187 242 9913
853611 0 416 41
0 0 614 3046
7168 270910 341 9927
399397 823709 189 5958
875743 9282 205 4652
468315 97681 695 9918
0 0 1000 10000
458144 424184 112 9908
856352 786755 301 3210
188940 119354 688 5836
49661 597333 309 9902
205539 314938 77 9926
786056 878927 813 9945
426468 68876 43 9931
923391 592513 223 9938
531856 0 563 1
926810 260033 439 6125
837651 558666 612 9912
263001 717581 534 3441
749814 839189 574 7664
995018 843332 219 1093
124345 29803 333 7464
124747 499552 721 9960
41866 790769 694 9935
701016 342045 452 3144
282262 662399 290 76
455889 532501 953 932
265892 209420 474 4117
167244 102307 151 9963
547996 227907 760 6829
227099 31330 368 9946
0 578322 181 5231
553393 375352 346 6111
