50
1000 1 19 15 17 14 8 20
1000 8 19 14 16 1 4 20
1000 10 12 9 15 14 1 20
1000 0 999995001 1 0 10000 10000 1000000000
2 781907678 866834363 0 0 666915287 534876866 963608967
3 704615724 709465763 0 0 731937577 388977634 953370363
1 265570099 528880195 0 0 311065769 392419706 997730453
1 212807173 546736779 0 0 907851789 252263636 997544455
3 72774415 415340198 0 0 261859284 29924024 975383715
1000 246779973 295325028 0 0 409507210 873572171 927362919
1000 113144974 490449770 0 0 787883390 167572445 973062105
1000 722621725 804506462 0 0 526080772 679069214 936358692
1000 4273852 31607531 0 0 577911062 317326050 946205353
1000 109465409 198548665 0 0 110242749 587354079 979960477
1000 348057546 935083566 218593301 949068965 0 0 940105578
1000 88814286 423313236 826747419 523171488 0 0 965674164
1000 114186306 627328732 818682491 851594264 0 0 980212737
1000 421368934 702663183 198294442 258850624 0 0 999560472
1000 96085312 277828674 19710425 637127263 0 0 916690479
1000 204290077 508116735 494489303 216084221 394207880 785569644 978378510
1000 25708867 372586388 507467243 904870932 948812266 254821912 995199005
1000 513484126 579324650 602295610 652735509 699095226 241096127 995648445
1000 225943216 460278679 694625621 841924765 35024358 652793636 989760976
1000 10561921 24785332 319962430 341376587 474787361 938704414 988024284
1000 316432285 575134861 232297505 75467878 319575485 427455229 999804016
1000 59539128 272285480 6495551 625974216 160409680 108031636 950778303
1000 141827213 516317649 225749166 532310701 820043967 91123529 981264076
1000 94982945 375324047 89318001 860102946 783281546 251099357 985354586
1000 318068786 562736749 403154678 469469908 815287239 637155094 986156748
1000 36970238 121950164 708916824 127671132 104726096 450312326 982117595
1000 502480493 874240370 544503343 149368658 606610563 726486480 999729758
1000 73392828 780465134 716388613 266170288 130424127 460237397 995520439
1000 107263842 922018764 616962444 834664649 220910693 204017895 994242093
1000 26723030 346491346 756201728 218236039 365350465 820828453 984544846
1000 131284030 370311950 52238417 292303798 80318277 843481951 948310902
1000 568078931 632031064 328731655 180653464 31642318 107309117 960359619
1000 866333504 962641254 952799265 186665545 537826141 134546950 989503589
1000 17652909 481531604 450522557 640256347 854711377 721175927 964329061
1000 879616011 926841909 901678209 517474246 406053004 205216785 980311722
1000 40411006 948719940 82550241 24903331 460011857 516887372 972944990
1000 68321449 572448194 423035439 45622250 876332891 18857527 933424947
1000 133712507 256438508 692547585 63007531 312529108 83975442 995253544
997 53902617 733782673 132066199 984980965 556256933 59052030 948825319
990 564280821 565613101 947830940 497158008 200174411 737520260 981362802
978 263530533 871656162 665141097 692075988 900581755 107906139 991859255
996 301074065 874802680 455145559 160664088 743611602 115141959 947918258
1000 516226057 775281457 746516401 762691663 577743298 798765633 987115125
1000 232587743 805304571 779560446 308086358 418141528 559857579 993177435
1000 670249464 930212292 963963835 642588419 63498568 439703950 995386185
1000 159034929 583706560 414709782 79515279 225066079 893534557 919720517
