50
1000 1 19 15 17 14 8 20
1000 8 19 14 16 1 4 20
1000 10 12 9 15 14 1 20
1000 0 999995001 1 0 10000 10000 1000000000
2 316850694 820931712 0 0 956428848 228756400 968347099
1 381998995 524324900 0 0 278422313 870701048 908885658
4 380075375 685328900 0 0 556687015 979157764 977645760
1 765242483 776463522 0 0 226640839 198348927 966900981
4 90901125 140649472 0 0 379293737 472960316 997094893
1000 33329295 163973209 0 0 144676420 143789365 988044461
1000 471098460 531518502 0 0 735196935 310281240 994494870
1000 321770350 444752817 0 0 554700680 164169117 989882415
1000 188747149 273146588 0 0 42784785 249846065 979421073
1000 538864750 911728347 0 0 110701727 102690409 925400963
1000 383989270 958356937 768144443 311468750 0 0 972272719
1000 103164256 286198034 64551967 271577957 0 0 964553449
1000 365203948 689559485 391927658 69772893 0 0 998815388
1000 91798980 910261376 86652577 67266857 0 0 998495096
1000 577447165 879068045 18607411 240569391 0 0 957134835
1000 581526652 696160148 454792774 107416796 241773996 790114046 973371873
1000 157658477 798169191 609384 51163057 186231188 835574393 998617207
1000 102101281 973165930 545274895 358609085 591186852 132908475 979829744
1000 64091423 661670560 736820405 844861736 708588399 465249596 985307892
1000 410758596 997986638 703397024 556603979 18109569 868296960 982583712
1000 93890142 121212215 23208622 417882191 70741407 554208072 960354788
1000 196746561 841019715 451006320 695256988 378682996 108977025 993398617
1000 482062849 787192531 50827622 714536037 497857652 355267249 921542536
1000 63993609 515940077 919156698 373682295 618969150 807274194 899388262
1000 452406179 700662536 392844596 506446290 327733956 49410381 979240122
1000 15422297 212316485 505217206 69027121 542410264 30375379 980176380
1000 54079157 789663125 525273712 323190306 489647411 967873337 995564347
1000 61540850 639848620 48242056 323232508 612244804 67218077 981023980
1000 813045999 958086034 661407321 96134716 506477962 440429592 965265040
1000 276188941 988163316 666327787 819531039 85590268 352212439 988923704
1000 449973389 916635973 923997739 115330700 975944717 599249133 929531189
1000 543169291 889407957 246783739 700789506 960207343 346372743 982840047
1000 152628915 539586350 319010828 187431489 845190707 968477484 975224588
1000 170969037 238164735 875682027 882329194 548375188 388523957 918264269
1000 50098674 388124494 506209652 952281492 598455362 17009295 966910623
1000 630813056 654981333 775518102 354755446 292947132 118672500 957634340
1000 458385907 723973250 128712817 184952901 322142929 215886271 972957682
1000 475590231 931630730 90337548 531656619 219366333 205041566 911845458
983 13056028 433236731 360310859 684441718 117256485 554438607 970281479
953 81581377 639381352 432373474 709844781 457847628 283907790 999363572
997 154645970 677464880 79799078 449011092 981235303 275295652 994245708
996 819311910 980572199 22411085 841661341 966868056 139051992 988415018
1000 286801569 564758667 534197705 995240934 280161416 836917201 987057356
1000 109709611 632731779 390230789 628021904 270835523 679057970 968966181
1000 377128281 674369119 997492634 197702636 577372329 804685138 982176894
1000 148201328 982576109 335572415 270791656 682296718 277058594 950262258
