50
1000 1 19 15 17 14 8 20
1000 8 19 14 16 1 4 20
1000 10 12 9 15 14 1 20
1000 0 999995001 1 0 10000 10000 1000000000
1 857907822 885024627 0 0 141891366 379698409 934802158
2 319858146 689001738 0 0 928157609 223448858 992038662
4 139880756 328241706 0 0 142284106 886435822 980167488
3 67527832 857096674 0 0 249784881 231830329 993656998
3 660672407 700907768 0 0 721133214 138424288 976319796
1000 45677321 59510384 0 0 617468598 312964664 914555788
1000 597423645 782410955 0 0 873789129 641619349 977338718
1000 370393385 506009792 0 0 735051743 680539565 988849280
1000 121681164 397500262 0 0 381054163 548583567 990296874
1000 75144634 842133396 0 0 736752367 168214235 975623411
1000 463801922 822694922 545562170 997030947 0 0 985308582
1000 252013223 939945455 105357393 7199848 0 0 967731983
1000 25448623 707154796 562604260 576329653 0 0 988176660
1000 236298584 545578137 537638601 338901117 0 0 974947472
1000 577615693 725172266 510862486 174114304 0 0 930538672
1000 585881655 680207766 866887075 70056355 259748370 32929409 925872588
1000 239781087 757992526 633249872 446372125 14405791 861650143 992984773
1000 565086392 874773418 486452653 40637871 155759288 980096114 991281693
1000 130553242 444521157 229775824 614988719 4075393 271007601 888786624
1000 71366015 368785133 557632673 842428949 385562496 540745760 786184939
1000 9041779 871386643 491372879 684491968 566886860 310138201 970628136
1000 61933244 988136275 500299681 429203301 827838194 964767668 934653409
1000 117398147 118790476 622366052 40352021 83385367 717798144 971648512
1000 328153212 649156605 28607406 590322610 411027755 610363040 971794602
1000 682082054 842085068 126255595 217679342 587911755 274864862 955574944
1000 208521220 948329604 219139747 110510148 350030873 462718848 952050193
1000 327050026 884335903 439683073 922727203 756342600 327809906 992909045
1000 259469371 634857376 398483028 168875999 425921781 99445288 988757845
1000 491413249 685942889 752029526 701269603 473480880 590840534 997610693
1000 382563895 731152600 788297851 904924288 320652865 108195146 954360111
1000 635153627 788551689 919396620 495771386 483180749 62764710 998555194
1000 62152668 655474335 750346421 155800926 523240049 860870123 968923465
1000 227290774 566994129 987635765 169764188 547186872 723713047 974657271
1000 684039860 689715344 36904709 193741706 142458556 520015742 934533595
1000 361068001 456023703 132776515 2499556 574026321 798196692 991062306
1000 11522552 740691118 234740111 723213984 701628041 970425283 926304221
1000 800697653 846866699 870460071 799246153 509666017 244772799 969659412
1000 133812417 540732893 719242938 532227048 36663636 663278034 977381691
967 3780571 160222296 547193361 191874077 137724908 389094386 972941026
967 477338207 878191024 958217904 987859969 654585423 153818521 984914669
968 131063156 681891394 645976195 82103119 32230502 4255542 992379333
922 191468603 739309377 57586923 620722359 552884748 503306632 993200618
1000 365644969 969718821 864947028 323277612 546876008 653585089 980782087
1000 187916780 812508242 954542583 66114891 91578243 221292690 976324011
1000 291917085 321397546 794049111 112117272 875130390 408286484 948936674
1000 320652138 788122859 988593588 959096206 779118880 781302246 988598346
