100
12523588375073476
24250079104717545
501387410702800881
121125942741857151
513508683645583827
266433028832896927
142326754653666775
213822465693413983
19808703324238921
1000000000000000000
295198543676362495
2833241840867257
8775922270634611
19504878031478091
139761459790287735
458860861576779090
77181631090467619
602739412422052855
756907060533769380
703932756172712838
335323941769873681
549140655195863115
4692486079748671
131052646047415
242228142840807249
137199318465560443
418555724285163778
34719854942248477
335834521163346228
584472768784020
56562864648853683
635253625511590177
26807768024814739
454449625928147699
580805972704299019
24982691508560241
347364189642779709
265751713297121043
276870505708898085
106034059055665083
623066606183121347
951891450927100271
407781574085372851
524732591697685540
368498212375764307
300995192362332657
920029799627065422
10364615058209763
933519502276021444
281245151329689711
560179039124463200
832498477485162795
7743402339148663
255311084324825491
345131474376659223
830831432628820
624561586531708897
630378059615200
10619469519873240
889556401700813341
108648324918511624
5742091658430793
529438478910207484
78872983365186832
288149607971414911
421729352289734853
925429104332223037
136057055340946867
55675823119690753
658026382316571745
3420669490670293
91075396503505275
809644790021446180
119374341198997776
915881606506660194
571951706975687433
243782597032065715
8660619914200843
337142394555191545
54877776202922380
5823990109530601
45608309612258147
202162875802244730
360568907583579507
14740405932233521
77285393599631881
33996759976023391
870154468881242663
61777123690773055
2833241840867257
424325479320922900
183783600476046051
33955673306684221
335830392894944305
245249591795535097
770362190192096220
80682796165691020
91407712021740577
50598351048746593
464242360108606247
